127
191
247
255
510
765
1020
1275
1530
1785
2040
2295
2550
2805
3060
3315
3570
3825
4080
4335
4590
4845
5100
5355
5610
5865
6088
6092
6120
6375
6630
6885
7140
7395
7650
7905
8160
8415
8670
8925
9180
9435
9690
9945
10200
10455
10710
10965
11220
11475
11730
11985
12240
12495
12750
13005
13132
13196
13252
13260
13515
13770
14025
14280
14284
14535
14790
15045
15300
15555
15810
16065
16073
16320
16324
16328
16332
16575
16830
17085
17340
17595
17850
18105
18360
18615
18870
19125
19380
19635
19639
19643
19647
19699
19703
19707
19711
19890
20145
20400
20655
20910
21165
21420
21675
21930
22185
22440
22695
22950
23205
23460
23715
23970
24225
24480
24484
24488
24492
24544
24548
24552
24556
24735
24990
25245
25500
25755
26010
26265
26520
26775
27030
27285
27540
27795
27799
27803
27807
27859
27863
27867
27871
28050
28177
28181
28305
28309
28560
28815
29070
29325
29580
29835
30090
30345
30600
30604
30664
30668
30855
31110
31365
31620
31875
32003
32130
32384
32385
32388
32392
32393
32396
32448
32449
32452
32456
32457
32460
32640
32644
32648
32652
32704
32708
32712
32716
32830
32894
32895
32958
33022
33023
33150
33405
33660
33915
34170
34425
34680
34935
35190
35445
35700
35955
36210
36465
36720
36975
37230
37485
37740
37995
38250
38505
38760
39015
39270
39525
39780
40035
40290
40545
40800
41055
41310
41565
41820
42075
42330
42585
42840
43095
43350
43605
43860
44115
44370
44625
44633
44880
44888
45008
45016
45135
45390
45645
45900
46155
46410
46665
46920
46924
47048
47175
47430
47685
47940
48068
48195
48450
48705
48833
48960
48968
49088
49096
49215
49470
49725
49980
50235
50490
50745
51000
51223
51255
51510
51765
52020
52035
52224
52225
52227
52228
52231
52232
52233
52236
52241
52242
52243
52245
52246
52247
52249
52251
52253
52255
52256
52260
52264
52268
52275
52279
52283
52287
52288
52289
52291
52292
52295
52296
52297
52300
52307
52311
52315
52319
52320
52324
52328
52332
52339
52343
52347
52351
52352
52353
52356
52360
52361
52364
52416
52417
52420
52424
52425
52428
52480
52482
52484
52488
52492
52496
52498
52502
52504
52512
52516
52520
52524
52530
52531
52544
52546
52548
52552
52556
52576
52580
52584
52588
52608
52612
52616
52620
52672
52676
52680
52684
52736
52737
52740
52744
52745
52748
52753
52757
52761
52765
52768
52772
52776
52780
52784
52785
52800
52801
52804
52808
52809
52812
52832
52836
52840
52844
52864
52865
52868
52872
52873
52876
52928
52929
52932
52936
52937
52940
52992
52996
53000
53004
53008
53016
53024
53028
53032
53036
53040
53041
53042
53043
53056
53060
53064
53068
53088
53092
53096
53100
53120
53124
53128
53132
53184
53188
53192
53196
53295
53550
53805
54060
54315
54570
54825
55080
55335
55590
55845
56100
56320
56321
56323
56324
56327
56328
56329
56332
56352
56354
56355
56356
56360
56364
56384
56385
56387
56388
56391
56392
56393
56396
56416
56420
56424
56428
56448
56449
56452
56456
56457
56460
56512
56513
56516
56520
56521
56524
56576
56578
56580
56584
56588
56608
56610
56611
56612
56616
56620
56626
56627
56640
56642
56644
56648
56652
56672
56676
56680
56684
56704
56708
56712
56716
56768
56772
56776
56780
56832
56833
56836
56840
56841
56844
56864
56865
56868
56872
56876
56896
56897
56900
56904
56905
56908
56928
56932
56936
56940
56960
56961
56964
56968
56969
56972
57024
57025
57028
57032
57033
57036
57088
57092
57096
57100
57120
57121
57124
57128
57132
57152
57156
57160
57164
57184
57188
57192
57196
57216
57220
57224
57228
57280
57284
57288
57292
57375
57630
57885
58140
58395
58650
58905
59160
59411
59415
59670
59925
60180
60416
60417
60419
60420
60423
60424
60425
60428
60433
60434
60435
60437
60438
60439
60441
60443
60445
60447
60480
60481
60483
60484
60487
60488
60489
60492
60499
60503
60507
60511
60544
60545
60548
60552
60553
60556
60608
60609
60612
60616
60617
60620
60672
60676
60680
60684
60690
60694
60736
60740
60744
60748
60800
60804
60808
60812
60864
60868
60872
60876
60928
60929
60932
60936
60937
60940
60945
60949
60953
60957
60992
60993
60996
61000
61001
61004
61056
61057
61060
61064
61065
61068
61120
61121
61124
61128
61129
61132
61200
61208
61328
61336
61455
61710
61965
62220
62348
62475
62730
62794
62858
62922
62985
62988
63052
63240
63304
63368
63432
63495
63750
64005
64013
64069
64077
64133
64141
64197
64205
64260
64268
64324
64332
64388
64396
64452
64460
64512
64513
64515
64516
64519
64520
64521
64524
64576
64577
64579
64580
64583
64584
64585
64588
64640
64641
64644
64648
64649
64652
64704
64705
64708
64712
64713
64716
64770
64834
64898
64962
65024
65025
65028
65032
65033
65036
65088
65089
65092
65096
65097
65100
65152
65153
65156
65160
65161
65164
65216
65217
65220
65224
65225
65228
65280
65284
65288
65292
65344
65348
65352
65356
65408
65412
65416
65420
65472
65476
65480
65484
